.Random.seed <-
c(403L, 10L, -1333775405L, 513247729L, -1165881568L, -54392386L, 
-1834247735L, 1794129275L, 1980123978L, 704494508L, -1016667473L, 
-447004571L, -1256738788L, -560718222L, 370983149L, -1708469977L, 
-531505842L, -1560547928L, 248158635L, 1367864009L, -942845224L, 
722706310L, 407794273L, 664800243L, 283737698L, 778897620L, -938618409L, 
-1118825523L, -1438959772L, -30522550L, -1148804427L, -496045553L, 
-862924010L, -919831104L, -1324319357L, -380652639L, -1700385904L, 
-2135984018L, -697278951L, 996163243L, -1348951398L, 1544142428L, 
801864543L, -1916644043L, 638018764L, -1202303454L, -916578179L, 
-672794249L, -739961186L, 1489778008L, -9292613L, 1274391129L, 
-580062744L, -1658854378L, -327127151L, 407310403L, -97544366L, 
627629028L, -1433697753L, -1455498627L, 1723671412L, 1197064026L, 
880408997L, -1838025281L, -1980340666L, -118160176L, 237371123L, 
1419520017L, 1474170432L, -1540382178L, 2033216745L, -149301733L, 
-1511725526L, -1661716148L, -961887473L, 906868293L, -1902448644L, 
-1661020590L, 697084877L, 8717703L, -247316370L, 146077768L, 
1043405387L, 2017138601L, 1325463288L, -1601043930L, -101000383L, 
-1772846893L, -1619155838L, -756563276L, 1021736503L, 1816550701L, 
-415197628L, 992873322L, 1285191637L, -409095825L, 972971126L, 
-399870048L, 1221668963L, 958502145L, 1630009456L, 2102592526L, 
1054602361L, -1533959157L, 564022586L, -375190468L, -2027279489L, 
-1698277163L, 1723153644L, -1642973630L, 470264221L, -1731040233L, 
1476940158L, -7420104L, 1833054235L, 150323577L, -1259968568L, 
-1072862218L, 1894719025L, -356960157L, 2138298418L, 2062628228L, 
-1044620345L, 2019561117L, -1268029932L, -2076336966L, -404084475L, 
-1953396001L, 1152870L, 2018643696L, 1675335187L, 77447089L, 
2011605600L, -1145292802L, 1165203337L, -1514520389L, 2140388490L, 
317349740L, -1656517393L, 889956133L, 830730716L, -224079950L, 
-1186933075L, 994258535L, -1384985202L, -1701860760L, -1729370517L, 
711327753L, 1528700568L, -230889018L, -1852008159L, 1911347635L, 
-532413150L, 1006001940L, 142337943L, -1267292275L, 1880685220L, 
-1953074038L, 1786047221L, 992943439L, -1311901098L, -1436112640L, 
603966531L, 64790497L, 852029264L, 1958609326L, 1321439065L, 
-1713027733L, -886469414L, 713737628L, 213649823L, 19500021L, 
-1003435380L, -2050875550L, 1115463485L, 145233847L, -240847778L, 
-1075410536L, -1194144517L, -1131935591L, -336078552L, 1461206998L, 
-1050350511L, 1228556035L, -698921326L, -1053750236L, -372493593L, 
-348870851L, 84211636L, -1648755686L, -177297563L, 1508293119L, 
471340166L, -1762281456L, -1990645069L, -66705071L, -1594611456L, 
-1391498274L, -1943963607L, 1584295899L, -1400492822L, 667933324L, 
1657447887L, 829913477L, -795286980L, 1752586002L, -860513267L, 
533550919L, -725510866L, 813646984L, -758009461L, -1767921303L, 
-188906696L, -1933578778L, -1596212863L, -37843693L, -1230353726L, 
701453684L, -601479817L, -2038526355L, -481869564L, -1479609302L, 
-1341568619L, 567402031L, 1308048182L, 1362944864L, -756266589L, 
401390273L, 1563161264L, 1516123280L, 2138567458L, 1649978888L, 
-1898218228L, 1436702108L, 2113830418L, -598758528L, 1166934804L, 
732565800L, -1313428422L, 1878596560L, -148688276L, -300045772L, 
-1797866862L, 68558176L, -256845492L, -82917408L, 659219874L, 
1024642472L, 998180492L, -1031746116L, 83865202L, -1654531088L, 
1855878724L, 268224600L, -645515206L, 2021668976L, -2124994500L, 
1218976020L, -656026942L, 1199099616L, -84723588L, 235515600L, 
-389486174L, 1901502504L, -1482937588L, 1573867964L, 1782068018L, 
1599912640L, 1509852212L, -1181038904L, -1870232390L, -12532080L, 
-1383051540L, 774998612L, -671063406L, 893440288L, 1553349068L, 
1026101984L, 1022191810L, 657781800L, -924006484L, 632738492L, 
1847585778L, 647867952L, 2088023972L, 1241701816L, -1135769766L, 
-638189424L, 579588988L, -933904108L, -1276335806L, 357013760L, 
-1224995396L, -1425127088L, 1651964194L, -1190485432L, -507631604L, 
-2087147940L, -549832238L, 458321408L, -74142380L, 475118824L, 
1828124922L, 997105360L, -2100626644L, -1290680076L, 237429138L, 
128796000L, 506283020L, -992568096L, 452727394L, -1401047896L, 
-1597635508L, 787804028L, -1030821582L, 1918706288L, -1748569276L, 
-656348200L, 1703967610L, 411973680L, 30330812L, -1052722604L, 
-1109983166L, -1458911584L, -550251844L, -2082593840L, 1341617506L, 
-873005336L, 1957895372L, -979047940L, -1100198414L, -726008704L, 
-273102348L, 1295127176L, -23381190L, -1082743472L, -2092989332L, 
-1529012844L, -594466734L, -644166176L, -864516916L, -707703136L, 
1767252354L, 1313616104L, -1221186836L, -1807950532L, -875116430L, 
-1013026192L, 798816804L, 346982456L, 321554714L, 376747216L, 
-403838660L, 1200190356L, -1425107070L, -933487680L, 1823413820L, 
-77065840L, 1485453346L, -1767695096L, -42547060L, -1568506084L, 
-892617582L, -492499584L, 1602129940L, 2053113640L, 1086109242L, 
-937621040L, -260423316L, 136301492L, 344756754L, 1713022944L, 
-405534260L, 750127328L, 1797084194L, -2061157592L, -899139060L, 
1995240252L, 893999090L, 373392112L, 1805130308L, -699283880L, 
-43374790L, -1778182160L, -799339844L, -1034906348L, 227130562L, 
1945488480L, -1443246724L, -640761904L, 614750498L, -279818584L, 
272646028L, -1859500868L, -1461099726L, 421987904L, 1975350452L, 
-1861526456L, 813555130L, 33708560L, -793715476L, -1625890476L, 
519920402L, 729515424L, -162311476L, 1070439008L, -896444478L, 
159159080L, 1079280044L, 351724860L, 1681720178L, 2128835888L, 
-205545692L, 1013331256L, -206784806L, -1600497776L, -373677316L, 
339164052L, 1032553538L, -1337283328L, -1038536644L, 472833360L, 
-2084522846L, 2146978632L, -1909801204L, 1892015836L, 1865811794L, 
1546466944L, 901754964L, -1618439192L, 787892986L, 872611152L, 
1499465516L, 345131892L, 487760786L, 743701088L, 1435479948L, 
50751328L, -808080414L, 1766140840L, -1317999412L, 992877052L, 
-224419918L, 1907224048L, 133557700L, 1010319704L, -210258566L, 
288656816L, -195992644L, 1075116116L, 372191170L, -1348319200L, 
32268476L, 442710608L, 1713485794L, -1675489688L, 1337194258L, 
-1012241689L, 632974513L, 14786294L, 1627957524L, -1129189851L, 
-221904081L, -151173912L, 1818174918L, 793207923L, 1770172117L, 
1080931506L, -85624704L, 1299829865L, 785326299L, 1013679148L, 
-1870046150L, -468088081L, 409744761L, -1873319410L, -1453425700L, 
-82971571L, -1025890377L, -972465856L, 2016436254L, 2067449579L, 
2112325229L, 1317547738L, 2107592344L, 94524673L, 1998641843L, 
1612248532L, 1712039138L, 530115959L, 593597633L, 643475526L, 
1419523972L, -385797835L, 1843728159L, -1037581704L, -610158762L, 
376649187L, -2022421595L, 250427970L, 562567216L, 1466276953L, 
634634699L, -1961496004L, 185310314L, -1936261473L, 395838249L, 
1810476990L, 743464620L, -639785987L, 425851719L, -945652688L, 
968215886L, 1663968635L, -12213539L, -2065661174L, -27737560L, 
506837649L, 1098132099L, 1861475204L, -251600462L, -1102250233L, 
-1964303023L, 958780630L, -1974664780L, 1739896261L, 2097952015L, 
1944892296L, 1111800486L, -611825069L, 242803637L, 1057472786L, 
-1240538400L, -1912215735L, 1374566779L, -94948276L, -1919072806L, 
-1492498481L, -1689601639L, 1983691182L, 1917507260L, 1015326509L, 
1363895511L, 1339706656L, -1469433218L, -1041398709L, 593536589L, 
-497533830L, -1132643144L, 1440003681L, -182375405L, 1928489524L, 
-2124301246L, -656346025L, -577200223L, -551145370L, -1606866844L, 
1151615893L, -42376001L, 2038719576L, 580903030L, 1362358403L, 
-547675963L, 65453538L, -1094155184L, 273059193L, -1272139093L, 
1268091420L, -1283574454L, -1343910593L, 1273301897L, 903340958L, 
-85106100L, 918586397L, -3424857L, -897052464L, 970809966L, -114475749L, 
2102396541L, 583500906L, 759009544L, 1995523505L, -447700445L, 
-2027698396L, -173473838L, -883381209L, -1077279119L, 1064787126L, 
-527053740L, 1201550565L, -511024913L, -1534172120L, 1532113030L, 
-2146669901L, -359093227L, 1028083314L, 1637296832L, -637055191L, 
144883099L, 1671219820L, 1229946490L, -1200214097L, -341132615L, 
