.Random.seed <-
c(403L, 10L, 516344124L, 1096681087L, 1679052245L, 1700250604L, 
297325890L, 2050493085L, -99260649L, 497878654L, 1169303096L, 
-330407653L, -362690951L, -2067266872L, 1217581814L, -1838228687L, 
1456450403L, -1795243726L, 1354056324L, -1322225977L, 1218852253L, 
462954772L, -378826822L, -1864119803L, 194116575L, -164646298L, 
-703058448L, -1956300013L, 1972520113L, -618211488L, -244173570L, 
690001033L, -1676012613L, 600079754L, 170957932L, -522095121L, 
1515638309L, 1406585564L, -1925635918L, -1699007571L, -973969561L, 
762418318L, -1704455832L, 1189384555L, -1812339959L, 1376818584L, 
68887750L, -1987125727L, -919912781L, 1352033314L, 1840963092L, 
1146835607L, 881462413L, -1724644956L, 364997514L, 73943029L, 
-2113878449L, -660766378L, -924136448L, -127941309L, 1962240225L, 
-1438006704L, -1942626642L, -886306215L, -1826188693L, 852506586L, 
1874213020L, -721061217L, 143005941L, -395640436L, 2056072290L, 
478231613L, 1374293687L, -670536354L, -1926499176L, -114352133L, 
1661470105L, 838800936L, 1950830294L, 1899326289L, -1063801341L, 
935874962L, 675942180L, -1952882201L, 391614013L, -1002710860L, 
321941274L, 343458917L, -1466856193L, -536707706L, -416255216L, 
2093647795L, 1461365841L, -2026303488L, -1983856418L, -231589079L, 
612746971L, -1016793622L, -1596908148L, -126086449L, -1491808635L, 
-109122244L, 572141586L, 1737555725L, 1743174727L, 2021248558L, 
1506547592L, 549184139L, -1628547991L, -783787976L, -1583165210L, 
1744091265L, 642686995L, 1498605506L, -1843806092L, -1887177097L, 
-945297555L, 1525602308L, 1518129962L, 1192552597L, 742274863L, 
1588977206L, -763803040L, 1222531235L, 1866185665L, -2022443088L, 
273687246L, 1221214265L, -1641302453L, -1141425158L, 891684604L, 
1857047359L, 360203285L, -134488276L, 1767191554L, 43546333L, 
1435911639L, 126202046L, 150127352L, -440416037L, -1819002055L, 
-1349300600L, 1045150262L, -1685548431L, -19134301L, 1266270706L, 
-864726716L, -816690681L, -581683235L, 1653436628L, 90730490L, 
-1557207227L, -696876129L, 1259227430L, 1919785392L, -98684333L, 
991034737L, -947106656L, -417084354L, 607847241L, -1434512901L, 
-1525516854L, -1442104532L, -428559569L, 902457829L, -919685988L, 
695353586L, -257566355L, 1096685223L, -1396598578L, -1021921752L, 
459259435L, -269921207L, 8922456L, -1979532282L, 1759133153L, 
-622688397L, 2145158114L, -2034881708L, -2021743017L, 1190403661L, 
1621365220L, 262007754L, -1924788683L, -2021993329L, 739589526L, 
-835100352L, -1972257789L, 1728871969L, 347834640L, -1110104338L, 
1232222873L, 17937195L, 789962266L, 566981852L, -1207301921L, 
-587094347L, 595779660L, 231595170L, 1147137021L, -21841673L, 
1775214110L, -233885480L, 404804667L, 356400601L, 1575447400L, 
838960790L, -859807727L, -678346301L, -1169461806L, -2068986780L, 
-5311577L, 741055741L, 33044724L, -578138150L, 1184703269L, 325194303L, 
-862111290L, 1689882192L, -295222669L, -512608623L, -327070016L, 
-1003595618L, -891374487L, -71458661L, 46637482L, 588986828L, 
-1492085617L, 1430711493L, 701179380L, -1348308344L, 621539130L, 
-1730810032L, 2028674156L, -1051863660L, -689728430L, -70911520L, 
1993698508L, 104839328L, -1583990398L, 810682600L, 1684859628L, 
601904444L, 1431098482L, 824700016L, 650966052L, 744849464L, 
1376432922L, -1491925808L, -412630212L, 1705602964L, 1793030018L, 
1514347968L, -534252996L, 1562515856L, 705765922L, 1294990600L, 
-2102820212L, -712063204L, -1620879214L, -2032694912L, 52095508L, 
211104552L, 2046697018L, -100580912L, -107412116L, 1874533300L, 
-828863470L, -898541088L, -2105001012L, -407086880L, -199815134L, 
-2067477208L, 1345875468L, 627002172L, -1027890190L, -1315574032L, 
21459524L, -2006913448L, 1762128698L, 1616224752L, 256229052L, 
-855077612L, -1373808958L, 621140064L, -985700484L, 2015161296L, 
1108430114L, 52516520L, -1898992756L, 494943420L, -185833678L, 
-1970505152L, 1351016628L, 556984904L, 414420410L, 2041520656L, 
939718380L, -263146156L, 830338322L, 1277180320L, -567929140L, 
953626208L, 1399094210L, -1353618648L, 312605612L, -78815428L, 
-870417038L, -213061840L, 1009480996L, 1842438968L, 1989058266L, 
749087632L, 1606867708L, -742251628L, -755359678L, 1437671680L, 
-1360643012L, -200501936L, 1978388642L, 1704838472L, -435336436L, 
1757293276L, 1242263890L, 625977472L, -262402988L, 1573118952L, 
-939180806L, 760807248L, 1834276652L, -1783423628L, 812425106L, 
-1607140256L, 386950540L, -202976416L, -1043139102L, 822903720L, 
-816404276L, -2097916932L, 1018528178L, -1121301008L, -1391927356L, 
1770588504L, -444703366L, -1291696208L, 921779644L, -817367980L, 
1450891202L, -1908652000L, -2141945668L, -50170288L, 2135742434L, 
1916344424L, 2136004684L, -1161706244L, -780457998L, 240884992L, 
1603085684L, -1999003640L, 468820922L, 1645348304L, 1146912748L, 
-1901451884L, 886776274L, -1549837984L, 1740970828L, 63701280L, 
-2017499262L, 28458728L, 900933868L, 182224956L, -1347645582L, 
-1482543504L, -1190278108L, 413736760L, -1668297574L, -541846832L, 
320737468L, 2055614100L, -1983664510L, -1770364736L, 1990559548L, 
2135888016L, 693112354L, 905636872L, -329052916L, -252736356L, 
-303853038L, 1928049536L, -621005292L, 835022376L, 388177210L, 
1424420304L, 1788430444L, 854492468L, 900967058L, 1156206432L, 
-1910853812L, -351705120L, -1158808670L, -1743103064L, -107103860L, 
-553911108L, -1969979022L, -737810192L, -1330259900L, 971466072L, 
14666298L, -2030661776L, 843156540L, 1995571988L, -474855998L, 
-1067987232L, -1146606724L, 1126200016L, 101805218L, -586661848L, 
-655492852L, -1045345348L, 468663602L, -281714240L, 1561836084L, 
1664733128L, -612549446L, -450662000L, 1609417196L, -1613416876L, 
-238709614L, -321682656L, -985005620L, -1210960416L, 1487578818L, 
-2112600024L, 1133663916L, 1357013180L, -385425934L, 1304710448L, 
-1313676124L, 1508948664L, 826202458L, -1127626352L, -161355908L, 
-730207980L, 1525227330L, 336834304L, 1254933436L, 1103074128L, 
-1163460830L, 1423926600L, -1212477940L, 693876828L, -1463873326L, 
-1750282752L, 1054036308L, 1367039464L, 1825160186L, -961182376L, 
-998835338L, -768525949L, -1423942715L, -1419673374L, -209521328L, 
1520440441L, -1268586581L, -1938436836L, 1639795274L, 1166208575L, 
2016625289L, -864803170L, 2127983436L, -2038164707L, 683909799L, 
-579909168L, 1404420462L, -446059493L, -216291971L, 1654862698L, 
1254704648L, -932316495L, 494273827L, 696530468L, 505429202L, 
-624444121L, 840636273L, 744609206L, -861201068L, 1875287013L, 
-1531304465L, -1978536664L, 2007072134L, -1082558029L, -780921579L, 
932599666L, 355398592L, 954020905L, -646356837L, 2054999404L, 
-358337158L, 178599599L, -459547207L, -642220082L, 1810517788L, 
1744502413L, -999219465L, -1597746688L, -1495868322L, -1434902741L, 
1880681517L, -1628070758L, -1556787112L, 1040644033L, 722458739L, 
471978388L, 1312268322L, -1000282313L, 1979738625L, 798765830L, 
2011242308L, 1869722229L, -2014321697L, -392149192L, 1633255702L, 
-194118365L, 1017982693L, -1957980414L, -808108688L, -980509415L, 
967038219L, 2105185788L, 1222077994L, -1179781537L, -800225815L, 
-1163741442L, -1689590036L, 1366922813L, -1557150201L, -191559184L, 
1847073166L, -1848725573L, 2093169053L, -1842776246L, -986166424L, 
1294224721L, 1420713539L, 1226621764L, -240099342L, -705094201L, 
902718353L, 105601814L, 1784180596L, -627798523L, 1240643151L, 
629510728L, 208012262L, 1062120723L, 956244597L, -828927918L, 
-1120214368L, -784887927L, -1697461317L, -585954292L, -2147436134L, 
892737807L, 1378510681L, 317229550L, -546433924L, -200150803L, 
-1820280937L, 1007210592L, 1237258814L, 1516827403L, -1621513843L, 
-1324723526L, -993642248L, -730610015L, -1719804333L, 1405116788L, 
-1117726974L, -734380137L, 6369633L, -1779484250L, -1327432796L, 
1146922581L, 379430655L, -1521652840L, -740946762L, -1494619837L, 
1516290181L, -803825374L, -601527792L, -1635520071L, -278642069L, 
-1095590564L, 297462922L, 507520127L, 1354419657L, -1491089826L, 
50603276L, 651829469L, -1683337753L, 56104464L, 1669401390L, 
968118235L, -1651904323L, -663979478L, 1497769672L, 2034516977L, 
